10 19 24 20 8 18 2 22 1 14 21 15 5 3 13 4 16 12 6 0 23 7 11 9 17
20 16 15 10 13 23 19 0 12 17 24 2 6 7 18 21 9 11 8 14 1 22 4 5 3
3 19 23 22 20 7 21 1 10 14 2 11 8 16 24 0 4 17 6 12 15 5 9 13 18
4 2 17 24 6 12 22 21 11 0 18 5 19 8 14 9 10 7 3 13 16 23 1 20 15
22 1 13 4 19 8 24 14 12 2 7 18 20 23 11 6 15 9 16 5 0 3 10 21 17
11 7 22 2 12 9 14 3 16 5 17 19 0 23 6 13 18 20 8 4 1 15 10 24 21
18 19 23 8 24 9 6 2 17 22 10 1 14 16 12 11 21 13 7 5 4 15 20 3 0
13 24 19 22 7 5 20 9 18 11 17 16 10 21 6 12 14 8 2 3 23 4 0 15 1
4 7 23 24 5 10 15 0 1 2 6 17 22 16 19 8 21 9 20 13 14 3 11 12 18
18 17 23 12 21 22 11 3 24 13 5 7 14 8 19 9 6 20 2 4 0 15 10 1 16
1 22 18 0 13 15 11 14 16 4 17 12 6 21 5 20 23 19 24 8 9 2 3 10 7
14 9 16 17 8 13 0 5 23 24 10 1 12 11 6 15 4 18 7 22 3 21 19 2 20
15 14 21 13 22 0 5 20 7 24 12 16 18 1 11 2 3 6 10 4 23 8 19 17 9
17 8 20 14 0 10 1 9 21 12 5 16 7 13 2 24 6 4 18 19 3 23 11 22 15
7 13 20 15 22 19 6 0 9 12 18 17 23 21 8 1 2 11 4 16 24 3 10 14 5
20 11 23 8 12 3 18 9 21 1 0 10 22 2 14 24 5 6 13 7 17 4 16 15 19
2 21 23 24 10 9 18 7 0 12 20 4 17 19 6 5 15 14 11 16 3 8 22 13 1
19 10 4 6 11 16 2 23 18 15 17 24 5 9 22 7 3 21 20 8 12 0 14 13 1
6 9 10 4 12 16 1 14 22 23 2 19 7 15 13 17 5 0 3 21 8 24 11 18 20
12 22 5 9 2 6 18 7 4 13 19 20 15 0 14 8 3 10 17 1 23 16 21 11 24
21 20 7 14 18 11 4 0 23 2 9 6 13 22 5 10 12 3 17 8 19 24 16 15 1
4 17 20 19 3 0 21 13 22 14 16 18 7 2 9 15 1 10 11 12 5 23 24 8 6
24 10 21 22 9 14 20 15 12 18 17 6 16 5 11 3 2 7 19 0 13 8 4 1 23
19 11 13 17 21 3 4 2 18 7 20 23 1 8 0 22 16 24 6 9 5 12 14 15 10
16 24 14 18 4 6 23 7 19 22 15 21 2 3 11 17 1 5 8 13 9 20 10 12 0
